function [ESTADO] = estado(); 

ESTADO = [ 
  1    333.00 
  2    407.00 
  3   4569.00 
  4    247.00 
  5    751.00 
  6    478.00 
  7    136.00 
  8    129.00 
  9    105.00 
 10    113.00 
 11    369.00 
 12     37.00 
 13   1807.00 
 14   2435.00 
 15     38.00 
 16    239.00 
]; 

return;

