function [ESTADO] = estado(); 

ESTADO = [ 
  1    333.00 
  2    407.00 
  3   4569.00 
  4    247.00 
  5    751.00 
  6    478.00 
  7    129.00 
  8    105.00 
  9    113.00 
 10    369.00 
 11     37.00 
 12   1807.00 
 13   2435.00 
 14     38.00 
 15    239.00 
]; 

return;

