function [ESTADO] = estado(); 

ESTADO = [ 
  1    145.00 
  2    130.00 
  3   2950.00 
  4     90.00 
  5    550.00 
  6    850.00 
]; 

return;

