function [Ptotalorg] = Ptotalorg(); 

Ptotalorg = [ 
       1    0.0000 
       2    0.0000 
       3    0.0000 
       4    0.0000 
       5    0.0000 
       6    0.0000 
       7    0.0000 
       8    0.0000 
       9    0.0000 
      10    0.0000 
      11    0.0000 
      12    0.0000 
      13    0.0000 
      14    0.0000 
      15    0.0000 
      16    0.0000 
      17    0.0000 
      18    0.0000 
      19    0.0000 
      20    0.0000 
      21    0.0000 
      22    0.0000 
      23    0.0000 
      24    0.0000 
      25    0.0000 
      26    0.0000 
      27    0.0000 
      28    0.0000 
      29    0.0000 
      30    0.0000 
      31  126.0000 
      32  143.0000 
      33  149.0000 
      34  149.0000 
      35  149.0000 
      36  149.0000 
      37  149.0000 
      38  147.0000 
      39  145.0000 
      40  143.0000 
      41  143.0000 
      42  141.0000 
      43  139.0000 
      44  139.0000 
      45  136.0000 
      46  136.0000 
      47  134.0000 
      48  132.0000 
      49  132.0000 
      50  132.0000 
      51  130.0000 
      52  130.0000 
      53  130.0000 
      54  130.0000 
      55  128.0000 
      56  128.0000 
      57  128.0000 
      58  128.0000 
      59  128.0000 
      60  128.0000 
      61  128.0000 
      62  128.0000 
      63  128.0000 
      64  126.0000 
      65  126.0000 
      66  126.0000 
      67  126.0000 
      68  126.0000 
      69  126.0000 
      70  126.0000 
      71  128.0000 
      72  126.0000 
      73  128.0000 
      74  126.0000 
      75  128.0000 
      76  126.0000 
      77  128.0000 
      78  133.0000 
      79  132.0000 
      80  126.0000 
      81    0.0000 
      82    0.0000 
      83    0.0000 
      84    0.0000 
      85    0.0000 
      86    0.0000 
      87    0.0000 
      88    0.0000 
      89    0.0000 
      90    0.0000 
      91    0.0000 
      92    0.0000 
      93    4.0000 
      94    0.0000 
      95    0.0000 
      96    0.0000 
      97    0.0000 
      98    0.0000 
      99    0.0000 
     100    0.0000 
     101    0.0000 
     102    0.0000 
     103    0.0000 
     104    2.0000 
     105    0.0000 
     106    0.0000 
     107    0.0000 
     108    0.0000 
     109    0.0000 
     110    4.0000 
     111    0.0000 
     112    0.0000 
     113    0.0000 
     114    0.0000 
     115    0.0000 
     116    0.0000 
     117    0.0000 
     118    0.0000 
     119    0.0000 
     120    0.0000 
     121    0.0000 
     122    0.0000 
     123    0.0000 
     124    0.0000 
     125    0.0000 
     126    0.0000 
     127    0.0000 
     128    0.0000 
     129    0.0000 
     130    0.0000 
     131    0.0000 
     132    0.0000 
     133    2.0000 
     134    0.0000 
     135    0.0000 
     136    0.0000 
     137    0.0000 
     138    0.0000 
     139    0.0000 
     140    0.0000 
     141    0.0000 
     142    0.0000 
     143    0.0000 
     144    0.0000 
     145    0.0000 
     146    2.0000 
     147    0.0000 
     148    0.0000 
     149    0.0000 
     150    0.0000 
     151    0.0000 
     152    0.0000 
     153    0.0000 
     154    0.0000 
     155    0.0000 
     156    0.0000 
     157    0.0000 
     158    0.0000 
     159    0.0000 
     160    0.0000 
     161    0.0000 
     162    0.0000 
     163    0.0000 
     164   55.0000 
     165  139.0000 
     166  145.0000 
     167  147.0000 
     168  147.0000 
     169  145.0000 
     170  145.0000 
     171  145.0000 
     172  145.0000 
     173  143.0000 
     174  141.0000 
     175  139.0000 
     176  139.0000 
     177  136.0000 
     178  136.0000 
     179  134.0000 
     180  132.0000 
     181  132.0000 
     182  141.0000 
     183  133.0000 
     184  130.0000 
     185  130.0000 
     186  128.0000 
     187  128.0000 
     188  128.0000 
     189  128.0000 
     190  128.0000 
     191  128.0000 
     192  128.0000 
     193  128.0000 
     194  126.0000 
     195  126.0000 
     196  126.0000 
     197  126.0000 
     198  128.0000 
     199  128.0000 
     200  126.0000 
     201  126.0000 
     202  126.0000 
     203  126.0000 
     204  126.0000 
     205  126.0000 
     206  126.0000 
     207  126.0000 
     208  126.0000 
     209  126.0000 
     210  126.0000 
     211  126.0000 
     212  124.0000 
     213  124.0000 
     214  124.0000 
     215  124.0000 
     216  124.0000 
     217  124.0000 
     218  124.0000 
     219  124.0000 
     220  124.0000 
     221   21.0000 
     222    0.0000 
     223    0.0000 
     224    0.0000 
     225    0.0000 
     226    0.0000 
     227    0.0000 
     228    0.0000 
     229    0.0000 
     230    0.0000 
     231    0.0000 
     232    0.0000 
     233    0.0000 
     234    0.0000 
     235    0.0000 
     236    0.0000 
     237    0.0000 
     238    0.0000 
     239    0.0000 
     240    0.0000 
     241    0.0000 
     242    0.0000 
     243    0.0000 
     244    0.0000 
     245    0.0000 
     246    0.0000 
     247    0.0000 
     248    0.0000 
     249    0.0000 
     250    0.0000 
     251    0.0000 
     252    0.0000 
     253    0.0000 
     254    0.0000 
     255    0.0000 
     256    0.0000 
     257    0.0000 
     258    0.0000 
     259    0.0000 
     260    0.0000 
     261    0.0000 
     262    0.0000 
     263    0.0000 
     264    0.0000 
     265    0.0000 
     266    0.0000 
     267    0.0000 
     268    0.0000 
     269    0.0000 
     270    0.0000 
     271    0.0000 
     272    0.0000 
     273    0.0000 
     274    0.0000 
     275    2.0000 
     276    5.0000 
     277   11.0000 
     278   11.0000 
     279   60.0000 
     280   11.0000 
     281   61.0000 
     282   11.0000 
     283   98.0000 
     284  138.8000 
     285  2331.0000 
     286  2926.5000 
     287  2928.0000 
     288  1572.2000 
     289  3017.0000 
     290  2948.5000 
     291  2966.0000 
     292  2944.5000 
     293  2941.3333 
     294  2966.0000 
     295  2948.0000 
     296  2956.0000 
     297  2956.0000 
     298  2949.0000 
     299  2942.2500 
     300  2951.5000 
     301  2961.8571 
     302  2940.5000 
     303  2940.5556 
     304  2964.0000 
     305  2930.4000 
     306  2944.2000 
     307  2921.0000 
     308  2944.2500 
     309  2933.7500 
     310  2950.8000 
     311  2944.6000 
     312  2941.0000 
     313  2953.0000 
     314  2951.0000 
     315  2942.5000 
     316  2940.6667 
     317  2941.5000 
     318  2948.5000 
     319  3057.7500 
     320  3074.0000 
     321  3084.0000 
     322  3063.5000 
     323  3075.0000 
     324  3067.2500 
     325  3075.8000 
     326  3067.6667 
     327  3064.2000 
     328  3067.4000 
     329  3068.5000 
     330  3043.2500 
     331  3059.6667 
     332  3051.6000 
     333  3060.8000 
     334  3051.0000 
     335  3068.5000 
     336  3047.0000 
     337  3076.0000 
     338  3056.0000 
     339  3061.6000 
     340  3067.0000 
     341  3056.0000 
     342  3059.6667 
     343  3050.0000 
     344  3058.6000 
     345  3084.0000 
     346  3047.3333 
     347  3052.0000 
     348  3071.0000 
     349  3082.0000 
     350  3064.0000 
     351  3060.0000 
     352  3059.0000 
     353  3063.0000 
     354  3061.0000 
     355  3075.0000 
     356  3067.8000 
     357  3069.0000 
     358  3067.0000 
     359  3069.0000 
     360  3064.3333 
     361  3065.8000 
     362  3054.8000 
     363  3048.2500 
     364  3035.8000 
     365  3050.0000 
     366  3052.0000 
     367  3039.4000 
     368  3051.6667 
     369  3033.0000 
     370  3031.0000 
     371  3048.5000 
     372  3048.0000 
     373  3043.0000 
     374  3058.2000 
     375  3036.5000 
     376  3043.0000 
     377  3032.8000 
     378  3035.6000 
     379  3023.5000 
     380  3034.0000 
     381  3028.5000 
     382  3038.2500 
     383  3018.0000 
     384  3050.2500 
     385  3043.0000 
     386  3030.0000 
     387  3042.5000 
     388  3044.8000 
     389  3024.0000 
     390  2051.7500 
     391  266.0000 
     392  247.0000 
