function [DELTA] = delta(); 

DELTA = [ 
       1    0.0000 
       2    0.0000 
       3    0.0000 
       4    0.0000 
       5    0.0000 
       6    0.0000 
       7    0.0000 
       8    0.0000 
       9    0.0000 
      10    0.0000 
      11    0.0000 
      12    0.0000 
      13    0.0000 
      14    0.0000 
      15    0.0000 
      16    0.0000 
      17    0.0000 
      18    0.0000 
      19    0.0000 
      20    0.0000 
      21    0.0000 
      22    0.0000 
      23    0.0000 
      24    0.0000 
      25    0.0000 
      26    0.0000 
      27    0.0000 
      28    0.0000 
      29    0.0000 
      30    0.0000 
      31   95.0000 
      32  104.0000 
      33   32.0000 
      34    4.0000 
      35    4.0000 
      36    4.0000 
      37    4.0000 
      38   14.0000 
      39   12.0000 
      40   10.0000 
      41    2.0000 
      42    8.0000 
      43    6.0000 
      44    6.0000 
      45    9.0000 
      46    9.0000 
      47    1.0000 
      48   76.0000 
      49    2.0000 
      50    2.0000 
      51   12.0000 
      52    0.0000 
      53    0.0000 
      54    0.0000 
      55   10.0000 
      56    2.0000 
      57    2.0000 
      58    2.0000 
      59    2.0000 
      60    2.0000 
      61    2.0000 
      62    2.0000 
      63    2.0000 
      64    8.0000 
      65    4.0000 
      66    4.0000 
      67    4.0000 
      68    4.0000 
      69    4.0000 
      70    4.0000 
      71   14.0000 
      72    8.0000 
      73   14.0000 
      74    8.0000 
      75   14.0000 
      76    8.0000 
      77   14.0000 
      78   27.0000 
      79    8.0000 
      80   32.0000 
      81   24.0000 
      82    0.0000 
      83    0.0000 
      84    0.0000 
      85    0.0000 
      86    0.0000 
      87    0.0000 
      88    0.0000 
      89    0.0000 
      90    0.0000 
      91    0.0000 
      92    0.0000 
      93   20.0000 
      94   24.0000 
      95    0.0000 
      96    0.0000 
      97    0.0000 
      98    0.0000 
      99    0.0000 
     100    0.0000 
     101    0.0000 
     102    0.0000 
     103    0.0000 
     104   10.0000 
     105   12.0000 
     106    0.0000 
     107    0.0000 
     108    0.0000 
     109    0.0000 
     110   20.0000 
     111   24.0000 
     112    0.0000 
     113    0.0000 
     114    0.0000 
     115    0.0000 
     116    0.0000 
     117    0.0000 
     118    0.0000 
     119    0.0000 
     120    0.0000 
     121    0.0000 
     122    0.0000 
     123    0.0000 
     124    0.0000 
     125    0.0000 
     126    0.0000 
     127    0.0000 
     128    0.0000 
     129    0.0000 
     130    0.0000 
     131    0.0000 
     132    0.0000 
     133   10.0000 
     134   12.0000 
     135    0.0000 
     136    0.0000 
     137    0.0000 
     138    0.0000 
     139    0.0000 
     140    0.0000 
     141    0.0000 
     142    0.0000 
     143    0.0000 
     144    0.0000 
     145    0.0000 
     146   10.0000 
     147   12.0000 
     148    0.0000 
     149    0.0000 
     150    0.0000 
     151    0.0000 
     152    0.0000 
     153    0.0000 
     154    0.0000 
     155    0.0000 
     156    0.0000 
     157    0.0000 
     158    0.0000 
     159    0.0000 
     160    0.0000 
     161    0.0000 
     162    0.0000 
     163    0.0000 
     164  275.0000 
     165  360.0000 
     166   36.0000 
     167   10.0000 
     168    2.0000 
     169   12.0000 
     170    0.0000 
     171    0.0000 
     172    0.0000 
     173   10.0000 
     174    8.0000 
     175    6.0000 
     176    6.0000 
     177    9.0000 
     178    9.0000 
     179    1.0000 
     180    1.0000 
     181   13.0000 
     182   58.0000 
     183   39.0000 
     184   18.0000 
     185    0.0000 
     186   10.0000 
     187    2.0000 
     188    2.0000 
     189    2.0000 
     190    2.0000 
     191    2.0000 
     192    2.0000 
     193    2.0000 
     194    8.0000 
     195    4.0000 
     196    4.0000 
     197    4.0000 
     198   14.0000 
     199    2.0000 
     200    8.0000 
     201    4.0000 
     202    4.0000 
     203    4.0000 
     204    4.0000 
     205    4.0000 
     206    4.0000 
     207    4.0000 
     208    4.0000 
     209    4.0000 
     210    4.0000 
     211    4.0000 
     212    6.0000 
     213    6.0000 
     214    6.0000 
     215    6.0000 
     216    6.0000 
     217    6.0000 
     218    6.0000 
     219    6.0000 
     220    6.0000 
     221  141.0000 
     222    0.0000 
     223    0.0000 
     224    0.0000 
     225    0.0000 
     226    0.0000 
     227    0.0000 
     228    0.0000 
     229    0.0000 
     230    0.0000 
     231    0.0000 
     232    0.0000 
     233    0.0000 
     234    0.0000 
     235    0.0000 
     236    0.0000 
     237    0.0000 
     238    0.0000 
     239    0.0000 
     240    0.0000 
     241    0.0000 
     242    0.0000 
     243    0.0000 
     244    0.0000 
     245    0.0000 
     246    0.0000 
     247    0.0000 
     248    0.0000 
     249    0.0000 
     250    0.0000 
     251    0.0000 
     252    0.0000 
     253    0.0000 
     254    0.0000 
     255    0.0000 
     256    0.0000 
     257    0.0000 
     258    0.0000 
     259    0.0000 
     260    0.0000 
     261    0.0000 
     262    0.0000 
     263    0.0000 
     264    0.0000 
     265    0.0000 
     266    0.0000 
     267    0.0000 
     268    0.0000 
     269    0.0000 
     270    0.0000 
     271    0.0000 
     272    0.0000 
     273    0.0000 
     274    0.0000 
     275   10.0000 
     276   13.0000 
     277   25.0000 
     278   11.0000 
     279  234.0000 
     280  305.0000 
     281  239.0000 
     282  311.0000 
     283  424.0000 
     284  106.0000 
     285  3927.8000 
     286  3596.5000 
     287   31.0000 
     288  6757.0000 
     289  8601.8000 
     290  409.5000 
     291   89.0000 
     292  123.5000 
     293   10.3333 
     294  132.0000 
     295  106.0000 
     296   42.0000 
     297    6.0000 
     298   41.0000 
     299   32.7500 
     300   54.0000 
     301   50.2857 
     302  118.6429 
     303    9.7778 
     304  126.6667 
     305  182.0000 
     306   88.6000 
     307  110.2000 
     308  145.2500 
     309   46.7500 
     310  101.5000 
     311   31.8000 
     312   12.6000 
     313   69.0000 
     314   13.0000 
     315   43.5000 
     316    1.6667 
     317   13.5000 
     318   43.5000 
     319  177.2500 
     320  118.5000 
     321   71.0000 
     322   91.5000 
     323   89.0000 
     324   18.7500 
     325  145.5000 
     326   36.4667 
     327    5.0000 
     328   31.8000 
     329   18.1000 
     330  114.7500 
     331  118.8333 
     332   20.0000 
     333   74.4000 
     334   29.8000 
     335  116.5000 
     336   96.0000 
     337  178.0000 
     338   96.0000 
     339   52.0000 
     340   45.4000 
     341   42.0000 
     342   42.3333 
     343   28.0000 
     344   73.0000 
     345   73.4000 
     346  172.3333 
     347   71.0000 
     348  138.0000 
     349   79.0000 
     350    2.0000 
     351    4.0000 
     352   15.0000 
     353   41.0000 
     354    7.0000 
     355   89.0000 
     356   31.0000 
     357   18.2000 
     358    1.0000 
     359   23.0000 
     360   12.3333 
     361   23.0000 
     362   40.8000 
     363    7.5500 
     364   30.5000 
     365  115.2000 
     366   40.0000 
     367   35.0000 
     368  101.9333 
     369   65.0000 
     370   37.0000 
     371  136.5000 
     372   29.0000 
     373    7.0000 
     374  113.0000 
     375   86.7000 
     376   76.0000 
     377   14.0000 
     378   61.2000 
     379   16.1000 
     380  109.0000 
     381   18.5000 
     382  100.2500 
     383   59.5000 
     384  223.2500 
     385    6.5000 
     386   28.0000 
     387  112.5000 
     388   49.0000 
     389   68.8000 
     390  4155.2500 
     391  5544.5000 
     392  126.0000 
     393   30.5000 
     394  133.0000 
     395  437.0000 
     396   68.8000 
     397  115.2500 
