function [DELTA] = delta(); 

DELTA = [ 
       1    0.5727 
       2    0.5727 
       3    0.5727 
       4    0.5727 
       5    0.5727 
       6    0.5727 
       7    0.5727 
       8    0.5727 
       9    0.5727 
      10    0.5727 
      11    0.5727 
      12    0.5727 
      13    0.5727 
      14    0.5727 
      15    0.5727 
      16    0.5727 
      17    0.5727 
      18    0.5727 
      19    0.5727 
      20    0.5727 
      21    0.5727 
      22    0.5727 
      23    0.5727 
      24    0.5727 
      25    0.5727 
      26    0.5727 
      27    0.5727 
      28    0.5727 
      29    0.5727 
      30    0.5727 
      31   19.5727 
      32    2.5727 
      33    3.4273 
      34    3.4273 
      35    3.4273 
      36    3.4273 
      37    3.4273 
      38    1.4273 
      39    0.5727 
      40    2.5727 
      41    2.5727 
      42    4.5727 
      43    6.5727 
      44    6.5727 
      45    5.4273 
      46    5.4273 
      47    3.4273 
      48    1.4273 
      49    1.4273 
      50    1.4273 
      51    0.5727 
      52    0.5727 
      53    0.5727 
      54    0.5727 
      55    2.5727 
      56    2.5727 
      57    2.5727 
      58    2.5727 
      59    2.5727 
      60    2.5727 
      61    2.5727 
      62    2.5727 
      63    2.5727 
      64    4.5727 
      65    4.5727 
      66    4.5727 
      67    4.5727 
      68    4.5727 
      69    4.5727 
      70    4.5727 
      71    2.5727 
      72    4.5727 
      73    2.5727 
      74    4.5727 
      75    2.5727 
      76    4.5727 
      77    2.5727 
      78    2.4273 
      79    1.4273 
      80    4.5727 
      81    0.5727 
      82    0.5727 
      83    0.5727 
      84    0.5727 
      85    0.5727 
      86    0.5727 
      87    0.5727 
      88    0.5727 
      89    0.5727 
      90    0.5727 
      91    0.5727 
      92    0.5727 
      93    3.4273 
      94    0.5727 
      95    0.5727 
      96    0.5727 
      97    0.5727 
      98    0.5727 
      99    0.5727 
     100    0.5727 
     101    0.5727 
     102    0.5727 
     103    0.5727 
     104    1.4273 
     105    0.5727 
     106    0.5727 
     107    0.5727 
     108    0.5727 
     109    0.5727 
     110    3.4273 
     111    0.5727 
     112    0.5727 
     113    0.5727 
     114    0.5727 
     115    0.5727 
     116    0.5727 
     117    0.5727 
     118    0.5727 
     119    0.5727 
     120    0.5727 
     121    0.5727 
     122    0.5727 
     123    0.5727 
     124    0.5727 
     125    0.5727 
     126    0.5727 
     127    0.5727 
     128    0.5727 
     129    0.5727 
     130    0.5727 
     131    0.5727 
     132    0.5727 
     133    1.4273 
     134    0.5727 
     135    0.5727 
     136    0.5727 
     137    0.5727 
     138    0.5727 
     139    0.5727 
     140    0.5727 
     141    0.5727 
     142    0.5727 
     143    0.5727 
     144    0.5727 
     145    0.5727 
     146    1.4273 
     147    0.5727 
     148    0.5727 
     149    0.5727 
     150    0.5727 
     151    0.5727 
     152    0.5727 
     153    0.5727 
     154    0.5727 
     155    0.5727 
     156    0.5727 
     157    0.5727 
     158    0.5727 
     159    0.5727 
     160    0.5727 
     161    0.5727 
     162    0.5727 
     163    0.5727 
     164   54.4273 
     165    6.5727 
     166    0.5727 
     167    1.4273 
     168    1.4273 
     169    0.5727 
     170    0.5727 
     171    0.5727 
     172    0.5727 
     173    2.5727 
     174    4.5727 
     175    6.5727 
     176    6.5727 
     177    5.4273 
     178    5.4273 
     179    3.4273 
     180    1.4273 
     181    1.4273 
     182   10.4273 
     183    2.4273 
     184    0.5727 
     185    0.5727 
     186    2.5727 
     187    2.5727 
     188    2.5727 
     189    2.5727 
     190    2.5727 
     191    2.5727 
     192    2.5727 
     193    2.5727 
     194    4.5727 
     195    4.5727 
     196    4.5727 
     197    4.5727 
     198    2.5727 
     199    2.5727 
     200    4.5727 
     201    4.5727 
     202    4.5727 
     203    4.5727 
     204    4.5727 
     205    4.5727 
     206    4.5727 
     207    4.5727 
     208    4.5727 
     209    4.5727 
     210    4.5727 
     211    4.5727 
     212    6.5727 
     213    6.5727 
     214    6.5727 
     215    6.5727 
     216    6.5727 
     217    6.5727 
     218    6.5727 
     219    6.5727 
     220    6.5727 
     221   20.4273 
     222    0.3545 
     223    0.3545 
     224    0.3545 
     225    0.3545 
     226    0.3545 
     227    0.3545 
     228    0.3545 
     229    0.3545 
     230    0.3545 
     231    0.3545 
     232    0.3545 
     233    0.3545 
     234    0.3545 
     235    0.3545 
     236    0.3545 
     237    0.3545 
     238    0.3545 
     239    0.3545 
     240    0.3545 
     241    0.3545 
     242    0.3545 
     243    0.3545 
     244    0.3545 
     245    0.3545 
     246    0.3545 
     247    0.3545 
     248    0.3545 
     249    0.3545 
     250    0.3545 
     251    0.3545 
     252    0.3545 
     253    0.3545 
     254    0.3545 
     255    0.3545 
     256    0.3545 
     257    0.3545 
     258    0.3545 
     259    0.3545 
     260    0.3545 
     261    0.3545 
     262    0.3545 
     263    0.3545 
     264    0.3545 
     265    0.3545 
     266    0.3545 
     267    0.3545 
     268    0.3545 
     269    0.3545 
     270    0.3545 
     271    0.3545 
     272    0.3545 
     273    0.3545 
     274    0.3545 
     275    2.3545 
     276    5.3545 
     277   11.3545 
     278   11.3545 
     279   60.3545 
     280   11.3545 
     281   61.3545 
     282   11.3545 
     283   98.3545 
     284  139.1545 
     285  618.6455 
     286   23.1455 
     287   21.6455 
     288  1377.4455 
     289   67.3545 
     290    1.1455 
     291   16.3545 
     292    5.1455 
     293    8.3121 
     294   16.3545 
     295    1.6455 
     296    6.3545 
     297    6.3545 
     298    0.6455 
     299    7.3955 
     300    1.8545 
     301   12.2117 
     302    9.1455 
     303    9.0899 
     304   14.3545 
     305   19.2455 
     306    5.4455 
     307   28.6455 
     308    5.3955 
     309   15.8955 
     310    1.1545 
     311    5.0455 
     312    8.6455 
     313    3.3545 
     314    1.3545 
     315    7.1455 
     316    8.9788 
     317    8.1455 
     318    1.1455 
     319   36.8955 
     320   20.6455 
     321   10.6455 
     322   31.1455 
     323   19.6455 
     324   12.3955 
     325    3.8455 
     326   11.9788 
     327   15.4455 
     328   12.2455 
     329   11.1455 
     330   36.3955 
     331   19.9788 
     332   28.0455 
     333   18.8455 
     334   28.6455 
     335   11.1455 
     336   32.6455 
     337    3.6455 
     338   23.6455 
     339   18.0455 
     340   12.6455 
     341   23.6455 
     342   19.9788 
     343   29.6455 
     344   21.0455 
     345    4.3545 
     346   32.3121 
     347   27.6455 
     348    8.6455 
     349    2.3545 
     350   15.6455 
     351   19.6455 
     352   20.6455 
     353   16.6455 
     354   18.6455 
     355    4.6455 
     356   11.8455 
     357   10.6455 
     358   12.6455 
     359   10.6455 
     360   15.3121 
     361   13.8455 
     362   24.8455 
     363   31.3955 
     364   43.8455 
     365   29.6455 
     366   27.6455 
     367   40.2455 
     368   27.9788 
     369   46.6455 
     370   48.6455 
     371   31.1455 
     372   31.6455 
     373   36.6455 
     374   21.4455 
     375   43.1455 
     376   36.6455 
     377   46.8455 
     378   44.0455 
     379   56.1455 
     380   45.6455 
     381   51.1455 
     382   41.3955 
     383   61.6455 
     384   29.3955 
     385   36.6455 
     386   49.6455 
     387   37.1455 
     388   34.8455 
     389   55.6455 
     390  1027.8955 
     391   46.3545 
     392   27.3545 
     393   35.8545 
     394   13.3545 
     395   74.4455 
     396   78.6455 
     397   74.3955 
