function [DELTA] = delta(); 

DELTA = [ 
       1    0.0000 
       2    0.0000 
       3    0.0000 
       4    0.0000 
       5    0.0000 
       6    0.0000 
       7    0.0000 
       8    0.0000 
       9    0.0000 
      10    0.0000 
      11    0.0000 
      12    0.0000 
      13    0.0000 
      14    0.0000 
      15    0.0000 
      16    0.0000 
      17    0.0000 
      18    0.0000 
      19    0.0000 
      20    0.0000 
      21    0.0000 
      22    0.0000 
      23    0.0000 
      24    0.0000 
      25    0.0000 
      26    0.0000 
      27    0.0000 
      28    0.0000 
      29    0.0000 
      30    0.0000 
      31  133.0000 
      32  100.0000 
      33   40.0000 
      34    4.0000 
      35    4.0000 
      36    4.0000 
      37    4.0000 
      38   95.0000 
      39    3.0000 
      40    1.0000 
      41   13.0000 
      42    1.0000 
      43    3.0000 
      44    9.0000 
      45   12.0000 
      46    6.0000 
      47    8.0000 
      48   10.0000 
      49    2.0000 
      50    2.0000 
      51   12.0000 
      52    0.0000 
      53    0.0000 
      54    0.0000 
      55   14.0000 
      56    2.0000 
      57    2.0000 
      58    2.0000 
      59    2.0000 
      60    2.0000 
      61    2.0000 
      62    2.0000 
      63    2.0000 
      64   16.0000 
      65    4.0000 
      66    4.0000 
      67    4.0000 
      68    4.0000 
      69    4.0000 
      70    4.0000 
      71   10.0000 
      72   16.0000 
      73   10.0000 
      74   16.0000 
      75   10.0000 
      76   16.0000 
      77   10.0000 
      78   33.0000 
      79    4.0000 
      80   40.0000 
      81   24.0000 
      82    0.0000 
      83    0.0000 
      84    0.0000 
      85    0.0000 
      86    0.0000 
      87    0.0000 
      88    0.0000 
      89    0.0000 
      90    0.0000 
      91    0.0000 
      92    0.0000 
      93   28.0000 
      94   24.0000 
      95    0.0000 
      96    0.0000 
      97    0.0000 
      98    0.0000 
      99    0.0000 
     100    0.0000 
     101    0.0000 
     102    0.0000 
     103    0.0000 
     104   14.0000 
     105   12.0000 
     106    0.0000 
     107    0.0000 
     108    0.0000 
     109    0.0000 
     110   28.0000 
     111   24.0000 
     112    0.0000 
     113    0.0000 
     114    0.0000 
     115    0.0000 
     116    0.0000 
     117    0.0000 
     118    0.0000 
     119    0.0000 
     120    0.0000 
     121    0.0000 
     122    0.0000 
     123    0.0000 
     124    0.0000 
     125    0.0000 
     126    0.0000 
     127    0.0000 
     128    0.0000 
     129    0.0000 
     130    0.0000 
     131    0.0000 
     132    0.0000 
     133   14.0000 
     134   12.0000 
     135    0.0000 
     136    0.0000 
     137    0.0000 
     138    0.0000 
     139    0.0000 
     140    0.0000 
     141    0.0000 
     142    0.0000 
     143    0.0000 
     144    0.0000 
     145    0.0000 
     146   14.0000 
     147   12.0000 
     148    0.0000 
     149    0.0000 
     150    0.0000 
     151    0.0000 
     152    0.0000 
     153    0.0000 
     154    0.0000 
     155    0.0000 
     156    0.0000 
     157    0.0000 
     158    0.0000 
     159    0.0000 
     160    0.0000 
     161    0.0000 
     162    0.0000 
     163    0.0000 
     164  385.0000 
     165  372.0000 
     166   36.0000 
     167   14.0000 
     168    2.0000 
     169   12.0000 
     170    0.0000 
     171    0.0000 
     172    0.0000 
     173   14.0000 
     174   16.0000 
     175   18.0000 
     176    6.0000 
     177   27.0000 
     178    9.0000 
     179   23.0000 
     180   25.0000 
     181   13.0000 
     182   50.0000 
     183   45.0000 
     184   18.0000 
     185    0.0000 
     186   14.0000 
     187    2.0000 
     188    2.0000 
     189    2.0000 
     190    2.0000 
     191    2.0000 
     192    2.0000 
     193    2.0000 
     194   16.0000 
     195    4.0000 
     196    4.0000 
     197    4.0000 
     198   10.0000 
     199    2.0000 
     200   16.0000 
     201    4.0000 
     202    4.0000 
     203    4.0000 
     204    4.0000 
     205    4.0000 
     206    4.0000 
     207    4.0000 
     208    4.0000 
     209    4.0000 
     210    4.0000 
     211    4.0000 
     212   18.0000 
     213    6.0000 
     214    6.0000 
     215    6.0000 
     216    6.0000 
     217    6.0000 
     218    6.0000 
     219    6.0000 
     220    6.0000 
     221  183.0000 
     222    0.0000 
     223    0.0000 
     224    0.0000 
     225    0.0000 
     226    0.0000 
     227    0.0000 
     228    0.0000 
     229    0.0000 
     230    0.0000 
     231    0.0000 
     232    0.0000 
     233    0.0000 
     234    0.0000 
     235    0.0000 
     236    0.0000 
     237    0.0000 
     238    0.0000 
     239    0.0000 
     240    0.0000 
     241    0.0000 
     242    0.0000 
     243    0.0000 
     244    0.0000 
     245    0.0000 
     246    0.0000 
     247    0.0000 
     248    0.0000 
     249    0.0000 
     250    0.0000 
     251    0.0000 
     252    0.0000 
     253    0.0000 
     254    0.0000 
     255    0.0000 
     256    0.0000 
     257    0.0000 
     258    0.0000 
     259    0.0000 
     260    0.0000 
     261    0.0000 
     262    0.0000 
     263    0.0000 
     264    0.0000 
     265    0.0000 
     266    0.0000 
     267    0.0000 
     268    0.0000 
     269    0.0000 
     270    0.0000 
     271    0.0000 
     272    0.0000 
     273    0.0000 
     274    0.0000 
     275   14.0000 
     276   23.0000 
     277   47.0000 
     278   11.0000 
     279  354.0000 
     280  283.0000 
     281  361.0000 
     282  289.0000 
     283  620.0000 
     284  383.6000 
     285  5165.8000 
     286  3549.5000 
     287   13.0000 
     288  9512.6000 
     289  8735.8000 
     290  412.5000 
     291  121.0000 
     292  134.5000 
     293   27.6667 
     294  164.0000 
     295  110.0000 
     296   54.0000 
     297    6.0000 
     298   43.0000 
     299   48.2500 
     300   57.0000 
     301   74.0000 
     302  137.6429 
     303    9.1111 
     304  154.6667 
     305  221.2000 
     306   77.0000 
     307  168.2000 
     308  133.7500 
     309   79.2500 
     310  103.1000 
     311   42.6000 
     312   30.6000 
     313   75.0000 
     314   11.0000 
     315   58.5000 
     316   20.3333 
     317    3.5000 
     318   40.5000 
     319  251.7500 
     320   76.5000 
     321   49.0000 
     322  154.5000 
     323   49.0000 
     324   74.2500 
     325   32.1000 
     326   76.1333 
     327   51.6000 
     328    8.4000 
     329   19.9000 
     330  203.2500 
     331   63.1667 
     332   91.8000 
     333   21.0000 
     334  102.8000 
     335   78.5000 
     336  177.0000 
     337  155.0000 
     338  159.0000 
     339    0.2000 
     340    4.4000 
     341    0.0000 
     342    1.6667 
     343   88.0000 
     344   30.2000 
     345  156.4000 
     346  252.6667 
     347    0.0000 
     348  105.0000 
     349   68.0000 
     350  124.0000 
     351   44.0000 
     352   27.0000 
     353    7.0000 
     354   31.0000 
     355   79.0000 
     356   55.4000 
     357    3.8000 
     358   25.0000 
     359    1.0000 
     360   43.6667 
     361    5.4000 
     362   91.2000 
     363   71.0500 
     364  118.9000 
     365   49.8000 
     366   31.0000 
     367  131.2000 
     368   30.2667 
     369  174.0000 
     370   29.0000 
     371   73.5000 
     372   35.0000 
     373   67.0000 
     374   69.4000 
     375  173.7000 
     376    2.0000 
     377  108.4000 
     378   27.6000 
     379  129.1000 
     380   17.0000 
     381   84.5000 
     382   16.7500 
     383  183.5000 
     384  163.7500 
     385   80.5000 
     386  128.0000 
     387   37.5000 
     388   21.4000 
     389  180.8000 
     390  5951.7500 
     391  5606.5000 
     392  102.0000 
     393   71.5000 
     394  137.0000 
     395  616.6000 
     396   14.2000 
     397   49.2500 
