function [DELTA] = delta(); 

DELTA = [ 
       1    0.0000 
       2    0.0000 
       3    0.0000 
       4    0.0000 
       5    0.0000 
       6    0.0000 
       7    0.0000 
       8    0.0000 
       9    0.0000 
      10    0.0000 
      11    0.0000 
      12    0.0000 
      13    0.0000 
      14    0.0000 
      15    0.0000 
      16    0.0000 
      17    0.0000 
      18    0.0000 
      19    0.0000 
      20    0.0000 
      21    0.0000 
      22    0.0000 
      23    0.0000 
      24    0.0000 
      25    0.0000 
      26    0.0000 
      27    0.0000 
      28    0.0000 
      29    0.0000 
      30    0.0000 
      31   19.0000 
      32    2.0000 
      33    4.0000 
      34    4.0000 
      35    4.0000 
      36    4.0000 
      37    4.0000 
      38    2.0000 
      39    0.0000 
      40    2.0000 
      41    2.0000 
      42    4.0000 
      43    6.0000 
      44    6.0000 
      45    6.0000 
      46    6.0000 
      47    4.0000 
      48    2.0000 
      49    2.0000 
      50    2.0000 
      51    0.0000 
      52    0.0000 
      53    0.0000 
      54    0.0000 
      55    2.0000 
      56    2.0000 
      57    2.0000 
      58    2.0000 
      59    2.0000 
      60    2.0000 
      61    2.0000 
      62    2.0000 
      63    2.0000 
      64    4.0000 
      65    4.0000 
      66    4.0000 
      67    4.0000 
      68    4.0000 
      69    4.0000 
      70    4.0000 
      71    2.0000 
      72    4.0000 
      73    2.0000 
      74    4.0000 
      75    2.0000 
      76    4.0000 
      77    2.0000 
      78    3.0000 
      79    2.0000 
      80    4.0000 
      81    0.0000 
      82    0.0000 
      83    0.0000 
      84    0.0000 
      85    0.0000 
      86    0.0000 
      87    0.0000 
      88    0.0000 
      89    0.0000 
      90    0.0000 
      91    0.0000 
      92    0.0000 
      93    4.0000 
      94    0.0000 
      95    0.0000 
      96    0.0000 
      97    0.0000 
      98    0.0000 
      99    0.0000 
     100    0.0000 
     101    0.0000 
     102    0.0000 
     103    0.0000 
     104    2.0000 
     105    0.0000 
     106    0.0000 
     107    0.0000 
     108    0.0000 
     109    0.0000 
     110    4.0000 
     111    0.0000 
     112    0.0000 
     113    0.0000 
     114    0.0000 
     115    0.0000 
     116    0.0000 
     117    0.0000 
     118    0.0000 
     119    0.0000 
     120    0.0000 
     121    0.0000 
     122    0.0000 
     123    0.0000 
     124    0.0000 
     125    0.0000 
     126    0.0000 
     127    0.0000 
     128    0.0000 
     129    0.0000 
     130    0.0000 
     131    0.0000 
     132    0.0000 
     133    2.0000 
     134    0.0000 
     135    0.0000 
     136    0.0000 
     137    0.0000 
     138    0.0000 
     139    0.0000 
     140    0.0000 
     141    0.0000 
     142    0.0000 
     143    0.0000 
     144    0.0000 
     145    0.0000 
     146    2.0000 
     147    0.0000 
     148    0.0000 
     149    0.0000 
     150    0.0000 
     151    0.0000 
     152    0.0000 
     153    0.0000 
     154    0.0000 
     155    0.0000 
     156    0.0000 
     157    0.0000 
     158    0.0000 
     159    0.0000 
     160    0.0000 
     161    0.0000 
     162    0.0000 
     163    0.0000 
     164   55.0000 
     165    6.0000 
     166    0.0000 
     167    2.0000 
     168    2.0000 
     169    0.0000 
     170    0.0000 
     171    0.0000 
     172    0.0000 
     173    2.0000 
     174    4.0000 
     175    6.0000 
     176    6.0000 
     177    6.0000 
     178    6.0000 
     179    4.0000 
     180    2.0000 
     181    2.0000 
     182   11.0000 
     183    3.0000 
     184    0.0000 
     185    0.0000 
     186    2.0000 
     187    2.0000 
     188    2.0000 
     189    2.0000 
     190    2.0000 
     191    2.0000 
     192    2.0000 
     193    2.0000 
     194    4.0000 
     195    4.0000 
     196    4.0000 
     197    4.0000 
     198    2.0000 
     199    2.0000 
     200    4.0000 
     201    4.0000 
     202    4.0000 
     203    4.0000 
     204    4.0000 
     205    4.0000 
     206    4.0000 
     207    4.0000 
     208    4.0000 
     209    4.0000 
     210    4.0000 
     211    4.0000 
     212    6.0000 
     213    6.0000 
     214    6.0000 
     215    6.0000 
     216    6.0000 
     217    6.0000 
     218    6.0000 
     219    6.0000 
     220    6.0000 
     221   21.0000 
     222    0.0000 
     223    0.0000 
     224    0.0000 
     225    0.0000 
     226    0.0000 
     227    0.0000 
     228    0.0000 
     229    0.0000 
     230    0.0000 
     231    0.0000 
     232    0.0000 
     233    0.0000 
     234    0.0000 
     235    0.0000 
     236    0.0000 
     237    0.0000 
     238    0.0000 
     239    0.0000 
     240    0.0000 
     241    0.0000 
     242    0.0000 
     243    0.0000 
     244    0.0000 
     245    0.0000 
     246    0.0000 
     247    0.0000 
     248    0.0000 
     249    0.0000 
     250    0.0000 
     251    0.0000 
     252    0.0000 
     253    0.0000 
     254    0.0000 
     255    0.0000 
     256    0.0000 
     257    0.0000 
     258    0.0000 
     259    0.0000 
     260    0.0000 
     261    0.0000 
     262    0.0000 
     263    0.0000 
     264    0.0000 
     265    0.0000 
     266    0.0000 
     267    0.0000 
     268    0.0000 
     269    0.0000 
     270    0.0000 
     271    0.0000 
     272    0.0000 
     273    0.0000 
     274    0.0000 
     275    2.0000 
     276    5.0000 
     277   11.0000 
     278   11.0000 
     279   60.0000 
     280   11.0000 
     281   61.0000 
     282   11.0000 
     283   98.0000 
     284  138.8000 
     285  619.0000 
     286   23.5000 
     287   22.0000 
     288  1377.8000 
     289   67.0000 
     290    1.5000 
     291   16.0000 
     292    5.5000 
     293    8.6667 
     294   16.0000 
     295    2.0000 
     296    6.0000 
     297    6.0000 
     298    1.0000 
     299    7.7500 
     300    1.5000 
     301   11.8571 
     302    9.5000 
     303    9.4444 
     304   14.0000 
     305   19.6000 
     306    5.8000 
     307   29.0000 
     308    5.7500 
     309   16.2500 
     310    0.8000 
     311    5.4000 
     312    9.0000 
     313    3.0000 
     314    1.0000 
     315    7.5000 
     316    9.3333 
     317    8.5000 
     318    1.5000 
     319   37.2500 
     320   21.0000 
     321   11.0000 
     322   31.5000 
     323   20.0000 
     324   12.7500 
     325    4.2000 
     326   12.3333 
     327   15.8000 
     328   12.6000 
     329   11.5000 
     330   36.7500 
     331   20.3333 
     332   28.4000 
     333   19.2000 
     334   29.0000 
     335   11.5000 
     336   33.0000 
     337    4.0000 
     338   24.0000 
     339   18.4000 
     340   13.0000 
     341   24.0000 
     342   20.3333 
     343   30.0000 
     344   21.4000 
     345    4.0000 
     346   32.6667 
     347   28.0000 
     348    9.0000 
     349    2.0000 
     350   16.0000 
     351   20.0000 
     352   21.0000 
     353   17.0000 
     354   19.0000 
     355    5.0000 
     356   12.2000 
     357   11.0000 
     358   13.0000 
     359   11.0000 
     360   15.6667 
     361   14.2000 
     362   25.2000 
     363   31.7500 
     364   44.2000 
     365   30.0000 
     366   28.0000 
     367   40.6000 
     368   28.3333 
     369   47.0000 
     370   49.0000 
     371   31.5000 
     372   32.0000 
     373   37.0000 
     374   21.8000 
     375   43.5000 
     376   37.0000 
     377   47.2000 
     378   44.4000 
     379   56.5000 
     380   46.0000 
     381   51.5000 
     382   41.7500 
     383   62.0000 
     384   29.7500 
     385   37.0000 
     386   50.0000 
     387   37.5000 
     388   35.2000 
     389   56.0000 
     390  1028.2500 
     391   46.0000 
     392   27.0000 
     393   35.5000 
     394   13.0000 
     395   55.2000 
     396   51.0000 
     397   55.2500 
