function [ESTADO] = estado(); 

ESTADO = [ 
  1   4606.00 
  2    252.00 
  3    751.00 
  4    478.00 
  5    136.00 
  6    129.00 
  7     37.00 
  8   1807.00 
  9   2435.00 
 10   3442.00 
 11   3305.00 
 12   2796.00 
 13     38.00 
 14    239.00 
]; 

return;

