function [ESTADO] = estado(); 

ESTADO = [ 
  1    333.00 
  2    407.00 
  3   4569.00 
  4    247.00 
  5    751.00 
  6    136.00 
  7    129.00 
  8    105.00 
  9     37.00 
 10   1800.00 
 11   2435.00 
 12     38.00 
 13    239.00 
]; 

return;

