function [DELTA] = delta(); 

DELTA = [ 
       1    6.0000 
       2    5.0000 
       3    1.0000 
       4    2.0000 
       5    1.0000 
       6    0.0000 
       7    0.0000 
       8    3.0000 
       9    2.0000 
      10    2.0000 
      11    0.0000 
      12   11.0000 
      13    8.0000 
      14    9.0000 
      15    8.0000 
      16    7.0000 
      17    7.0000 
      18    9.0000 
      19    8.0000 
      20    8.0000 
      21   21.0000 
      22   15.0000 
      23    7.0000 
      24    7.0000 
      25    8.0000 
      26    5.0000 
      27    5.0000 
      28    4.0000 
      29    3.0000 
      30    2.0000 
      31    3.0000 
      32    2.0000 
      33    2.0000 
      34    1.0000 
      35    0.0000 
      36    0.0000 
      37    1.0000 
      38    0.0000 
      39    2.0000 
      40    6.0000 
      41    8.0000 
      42    1.0000 
      43    3.0000 
      44    2.0000 
      45    0.0000 
      46    2.0000 
      47    2.0000 
      48    2.0000 
      49    1.0000 
      50    3.0000 
      51    1.0000 
      52    1.0000 
      53    1.0000 
      54    1.0000 
      55   19.0000 
      56    4.0000 
      57    1.0000 
      58    2.0000 
      59    2.0000 
      60    4.0000 
      61    5.0000 
      62    7.0000 
      63    6.0000 
      64    1.0000 
      65    0.0000 
      66    1.0000 
      67    0.0000 
      68    1.0000 
      69    1.0000 
      70    2.0000 
      71    2.0000 
      72    2.0000 
      73    2.0000 
      74    1.0000 
      75    2.0000 
      76    0.0000 
      77    0.0000 
      78    1.0000 
      79    1.0000 
      80    2.0000 
      81    1.0000 
      82    1.0000 
      83    1.0000 
      84    0.0000 
      85    1.0000 
      86    2.0000 
      87    2.0000 
      88    2.0000 
      89    1.0000 
      90    1.0000 
      91    0.0000 
      92    4.0000 
      93    0.0000 
      94    1.0000 
      95    3.0000 
      96    2.0000 
      97    2.0000 
      98    3.0000 
      99   13.0000 
     100   13.0000 
     101    2.0000 
     102    0.0000 
     103    1.0000 
     104    3.0000 
     105    3.0000 
     106    4.0000 
     107    5.0000 
     108    5.0000 
     109    1.0000 
     110    0.0000 
     111    0.0000 
     112    3.0000 
     113    2.0000 
     114    3.0000 
     115    3.0000 
     116    2.0000 
     117    2.0000 
     118    0.0000 
     119    1.0000 
     120    1.0000 
     121    3.0000 
     122    1.0000 
     123    1.0000 
     124    1.0000 
     125    2.0000 
     126    1.0000 
     127    1.0000 
     128    3.0000 
     129    1.0000 
     130    4.0000 
     131    0.0000 
     132    1.0000 
     133    0.0000 
     134    4.0000 
     135    2.0000 
     136    1.0000 
     137    4.0000 
     138    1.0000 
     139    3.0000 
     140    0.0000 
     141    2.0000 
     142    2.0000 
     143    0.0000 
     144    1.0000 
     145  104.0000 
     146   91.0000 
     147   85.0000 
     148   85.0000 
     149   82.0000 
     150   83.0000 
     151   80.0000 
     152   80.0000 
     153   80.0000 
     154   44.0000 
     155    2.0000 
     156    2.0000 
     157    3.0000 
     158    0.0000 
     159    0.0000 
     160    1.0000 
     161    2.0000 
     162   11.0000 
     163    1.0000 
     164    0.0000 
     165    0.0000 
     166    1.0000 
     167    1.0000 
     168    0.0000 
     169    0.0000 
     170    0.0000 
     171    2.0000 
     172    1.0000 
     173    1.0000 
     174    1.0000 
     175    1.0000 
     176    1.0000 
     177    1.0000 
     178    0.0000 
     179    1.0000 
     180    1.0000 
     181    1.0000 
     182    1.0000 
     183    0.0000 
     184   16.0000 
     185    1.0000 
     186    1.0000 
     187    1.0000 
     188    1.0000 
     189    3.0000 
     190    7.0000 
     191    7.0000 
     192    6.0000 
     193    1.0000 
     194    2.0000 
     195    0.0000 
     196    0.0000 
     197    1.0000 
     198    0.0000 
     199    0.0000 
     200    2.0000 
     201    0.0000 
     202    3.0000 
     203    1.0000 
     204    2.0000 
     205    2.0000 
     206    1.0000 
     207    1.0000 
     208    2.0000 
     209    1.0000 
     210    0.0000 
     211    1.0000 
     212    1.0000 
     213    2.0000 
     214    2.0000 
     215    0.0000 
     216    8.0000 
     217    7.0000 
     218    9.0000 
     219    9.0000 
     220    8.0000 
     221   27.0000 
     222    8.0000 
     223    8.0000 
     224    7.0000 
     225    7.0000 
     226    5.0000 
     227    3.0000 
     228    2.0000 
     229    2.0000 
     230    3.0000 
     231    1.0000 
     232    2.0000 
     233    2.0000 
     234    0.0000 
     235    0.0000 
     236    1.0000 
     237    1.0000 
     238    1.0000 
     239    7.0000 
     240    7.0000 
     241    9.0000 
     242    7.0000 
     243    7.0000 
     244   11.0000 
     245    0.0000 
     246    1.0000 
     247    2.0000 
     248   16.0000 
     249   10.0000 
     250    3.0000 
     251    2.0000 
     252    4.0000 
     253    4.0000 
     254    5.0000 
     255    5.0000 
     256    6.0000 
     257    7.0000 
     258    2.0000 
     259    2.0000 
     260    0.0000 
     261    1.0000 
     262    1.0000 
     263    0.0000 
     264    0.0000 
     265    1.0000 
     266    1.0000 
     267    0.0000 
     268    0.0000 
     269    1.0000 
     270    0.0000 
     271    1.0000 
     272    0.0000 
     273    1.0000 
     274    0.0000 
     275    0.0000 
     276    2.0000 
     277    0.0000 
     278    2.0000 
     279    1.0000 
     280    2.0000 
     281    3.0000 
     282    0.0000 
     283    0.0000 
     284    0.0000 
     285    1.0000 
     286    0.0000 
     287    1.0000 
     288    1.0000 
     289    2.0000 
     290    0.0000 
     291    2.0000 
     292    1.0000 
     293  102.0000 
     294   87.0000 
     295   84.0000 
     296   82.0000 
     297   82.0000 
     298   79.0000 
     299   79.0000 
     300   79.0000 
     301   78.0000 
     302   44.0000 
     303    1.0000 
     304   10.0000 
     305    7.0000 
     306    0.0000 
     307    1.0000 
     308    0.0000 
     309    0.0000 
     310    0.0000 
     311    0.0000 
     312    0.0000 
     313    2.0000 
     314    2.0000 
     315    0.0000 
     316    0.0000 
     317    0.0000 
     318    1.0000 
     319    0.0000 
     320    1.0000 
     321    1.0000 
     322    1.0000 
     323    1.0000 
     324    1.0000 
     325    0.0000 
     326    0.0000 
     327    0.0000 
     328    0.0000 
     329    1.0000 
     330    2.0000 
     331    2.0000 
     332    2.0000 
     333  103.0000 
     334   91.0000 
     335   84.0000 
     336   82.0000 
     337   82.0000 
     338   80.0000 
     339   80.0000 
     340   79.0000 
     341   78.0000 
     342   45.0000 
     343    1.0000 
     344    1.0000 
     345    1.0000 
     346    2.0000 
     347    0.0000 
     348    1.0000 
     349    0.0000 
     350    1.0000 
     351    0.0000 
     352    0.0000 
     353    2.0000 
     354    1.0000 
     355    1.0000 
     356    0.0000 
     357    0.0000 
     358    0.0000 
     359    2.0000 
     360    1.0000 
     361    0.0000 
     362    1.0000 
     363    1.0000 
     364    1.0000 
     365   10.0000 
     366    5.0000 
     367    1.0000 
     368    3.0000 
     369    1.0000 
     370    1.0000 
     371    1.0000 
     372    0.0000 
     373    0.0000 
     374   99.0000 
     375   85.0000 
     376   83.0000 
     377   81.0000 
     378   79.0000 
     379   78.0000 
     380   80.0000 
     381   78.0000 
     382   75.0000 
     383   43.0000 
     384    1.0000 
     385    1.0000 
     386    1.0000 
     387    1.0000 
     388    0.0000 
     389    2.0000 
     390    0.0000 
     391    1.0000 
     392    2.0000 
     393    0.0000 
     394    0.0000 
     395    0.0000 
     396    1.0000 
     397    1.0000 
