function [Ptotalorg] = Ptotalorg(); 

Ptotalorg = [ 
       1  198.0000 
       2  199.0000 
       3   76.0000 
       4   77.0000 
       5   76.0000 
       6   75.0000 
       7   75.0000 
       8   78.0000 
       9   77.0000 
      10   77.0000 
      11   75.0000 
      12   86.0000 
      13   83.0000 
      14   84.0000 
      15   83.0000 
      16   82.0000 
      17   82.0000 
      18   84.0000 
      19   83.0000 
      20   83.0000 
      21  225.0000 
      22  219.0000 
      23  211.0000 
      24  211.0000 
      25  212.0000 
      26  209.0000 
      27  209.0000 
      28  208.0000 
      29  207.0000 
      30  206.0000 
      31  207.0000 
      32  206.0000 
      33  206.0000 
      34  203.0000 
      35  204.0000 
      36  204.0000 
      37  205.0000 
      38  204.0000 
      39  202.0000 
      40   81.0000 
      41   83.0000 
      42   76.0000 
      43   78.0000 
      44   77.0000 
      45   75.0000 
      46   77.0000 
      47   77.0000 
      48   77.0000 
      49   76.0000 
      50   78.0000 
      51   76.0000 
      52   76.0000 
      53   76.0000 
      54   76.0000 
      55  223.0000 
      56  208.0000 
      57  203.0000 
      58  202.0000 
      59  202.0000 
      60  200.0000 
      61  199.0000 
      62  197.0000 
      63  198.0000 
      64   76.0000 
      65   75.0000 
      66   76.0000 
      67   75.0000 
      68   74.0000 
      69   76.0000 
      70   77.0000 
      71   77.0000 
      72   77.0000 
      73   77.0000 
      74   76.0000 
      75   77.0000 
      76   75.0000 
      77   75.0000 
      78   76.0000 
      79   76.0000 
      80   77.0000 
      81   76.0000 
      82   76.0000 
      83   76.0000 
      84   75.0000 
      85   76.0000 
      86   77.0000 
      87   77.0000 
      88   77.0000 
      89   76.0000 
      90   76.0000 
      91   75.0000 
      92   79.0000 
      93   75.0000 
      94   76.0000 
      95   78.0000 
      96   77.0000 
      97   77.0000 
      98   78.0000 
      99  217.0000 
     100  217.0000 
     101  206.0000 
     102  204.0000 
     103  203.0000 
     104  201.0000 
     105  201.0000 
     106  200.0000 
     107  199.0000 
     108  199.0000 
     109   76.0000 
     110   75.0000 
     111   75.0000 
     112   78.0000 
     113   77.0000 
     114   78.0000 
     115   78.0000 
     116   77.0000 
     117   77.0000 
     118   75.0000 
     119   76.0000 
     120   76.0000 
     121   78.0000 
     122   76.0000 
     123   76.0000 
     124   76.0000 
     125   77.0000 
     126   76.0000 
     127   76.0000 
     128   78.0000 
     129   76.0000 
     130   79.0000 
     131   75.0000 
     132   76.0000 
     133   75.0000 
     134   79.0000 
     135   77.0000 
     136   76.0000 
     137   79.0000 
     138   76.0000 
     139   78.0000 
     140   75.0000 
     141   77.0000 
     142   77.0000 
     143   75.0000 
     144   76.0000 
     145  223.0000 
     146  210.0000 
     147  204.0000 
     148  204.0000 
     149  201.0000 
     150  202.0000 
     151  199.0000 
     152  199.0000 
     153  199.0000 
     154   75.0000 
     155   77.0000 
     156   77.0000 
     157   78.0000 
     158   75.0000 
     159   75.0000 
     160   76.0000 
     161   77.0000 
     162   86.0000 
     163   76.0000 
     164   75.0000 
     165   75.0000 
     166   76.0000 
     167   76.0000 
     168   75.0000 
     169   75.0000 
     170   75.0000 
     171   77.0000 
     172   76.0000 
     173   76.0000 
     174   76.0000 
     175   76.0000 
     176   76.0000 
     177   76.0000 
     178   75.0000 
     179   76.0000 
     180   74.0000 
     181   76.0000 
     182   76.0000 
     183   75.0000 
     184  220.0000 
     185  205.0000 
     186  203.0000 
     187  203.0000 
     188  203.0000 
     189  201.0000 
     190  197.0000 
     191  197.0000 
     192  198.0000 
     193   76.0000 
     194   77.0000 
     195   75.0000 
     196   75.0000 
     197   76.0000 
     198   75.0000 
     199   75.0000 
     200   77.0000 
     201   75.0000 
     202   78.0000 
     203   76.0000 
     204   77.0000 
     205   77.0000 
     206   74.0000 
     207   76.0000 
     208   77.0000 
     209   76.0000 
     210   75.0000 
     211   76.0000 
     212   76.0000 
     213   77.0000 
     214   77.0000 
     215   75.0000 
     216   83.0000 
     217   82.0000 
     218   84.0000 
     219   84.0000 
     220   83.0000 
     221  231.0000 
     222  212.0000 
     223  212.0000 
     224  211.0000 
     225  211.0000 
     226  209.0000 
     227  207.0000 
     228  206.0000 
     229  206.0000 
     230  207.0000 
     231  205.0000 
     232  206.0000 
     233  206.0000 
     234  204.0000 
     235  204.0000 
     236  205.0000 
     237  203.0000 
     238  203.0000 
     239   82.0000 
     240   82.0000 
     241   84.0000 
     242   82.0000 
     243   82.0000 
     244   86.0000 
     245   75.0000 
     246   76.0000 
     247   77.0000 
     248  220.0000 
     249  214.0000 
     250  207.0000 
     251  202.0000 
     252  200.0000 
     253  200.0000 
     254  199.0000 
     255  199.0000 
     256  198.0000 
     257  197.0000 
     258   77.0000 
     259   77.0000 
     260   75.0000 
     261   76.0000 
     262   76.0000 
     263   75.0000 
     264   75.0000 
     265   76.0000 
     266   76.0000 
     267   75.0000 
     268   75.0000 
     269   76.0000 
     270   75.0000 
     271   76.0000 
     272   75.0000 
     273   76.0000 
     274   75.0000 
     275   75.0000 
     276   77.0000 
     277   75.0000 
     278   77.0000 
     279   76.0000 
     280   77.0000 
     281   78.0000 
     282   75.0000 
     283   75.0000 
     284   75.0000 
     285   74.0000 
     286   75.0000 
     287   76.0000 
     288   76.0000 
     289   77.0000 
     290   75.0000 
     291   77.0000 
     292   76.0000 
     293  221.0000 
     294  206.0000 
     295  203.0000 
     296  201.0000 
     297  201.0000 
     298  198.0000 
     299  198.0000 
     300  198.0000 
     301  197.0000 
     302   75.0000 
     303   76.0000 
     304   85.0000 
     305   82.0000 
     306   75.0000 
     307   74.0000 
     308   75.0000 
     309   75.0000 
     310   75.0000 
     311   75.0000 
     312   75.0000 
     313   77.0000 
     314   77.0000 
     315   75.0000 
     316   75.0000 
     317   75.0000 
     318   76.0000 
     319   75.0000 
     320   76.0000 
     321   76.0000 
     322   76.0000 
     323   74.0000 
     324   76.0000 
     325   75.0000 
     326   75.0000 
     327   75.0000 
     328   75.0000 
     329   74.0000 
     330   77.0000 
     331   77.0000 
     332   77.0000 
     333  222.0000 
     334  210.0000 
     335  203.0000 
     336  201.0000 
     337  201.0000 
     338  199.0000 
     339  199.0000 
     340  198.0000 
     341  197.0000 
     342   74.0000 
     343   76.0000 
     344   74.0000 
     345   76.0000 
     346   77.0000 
     347   75.0000 
     348   76.0000 
     349   75.0000 
     350   76.0000 
     351   75.0000 
     352   75.0000 
     353   77.0000 
     354   76.0000 
     355   74.0000 
     356   75.0000 
     357   75.0000 
     358   75.0000 
     359   77.0000 
     360   76.0000 
     361   75.0000 
     362   76.0000 
     363   74.0000 
     364   76.0000 
     365   85.0000 
     366   80.0000 
     367   76.0000 
     368   78.0000 
     369   76.0000 
     370   74.0000 
     371   74.0000 
     372   75.0000 
     373   75.0000 
     374  218.0000 
     375  204.0000 
     376  202.0000 
     377  200.0000 
     378  198.0000 
     379  197.0000 
     380  199.0000 
     381  197.0000 
     382  194.0000 
     383   76.0000 
     384   74.0000 
     385   76.0000 
     386   76.0000 
     387   76.0000 
     388   75.0000 
     389   77.0000 
     390   75.0000 
     391   74.0000 
     392   73.0000 
     393   75.0000 
     394   75.0000 
     395   75.0000 
     396   74.0000 
     397   74.0000 
