function [ESTADO] = estado(); 

ESTADO = [ 
	1	333
	2	407
	3	4569
	4	247
	5	751
	6	478
	7	136
	8	129
	9	105
	10	113
	11	369
	12	37
	13	1807
	14	2435
	15	38
	16	239
]; 

return;

