function [ESTADO] = estado(); 

ESTADO = [ 
  1    333.00 
  2    407.00 
  3   4569.00 
  4    247.00 
  5    751.00 
  6    129.00 
  7    105.00 
  8     37.00 
  9   1800.00 
 10   2435.00 
 11     38.00 
 12    239.00 
]; 

return;

