function [ESTADO] = estado(); 

ESTADO = [ 
  1    333.00 
  2    407.00 
  3   4569.00 
  4    247.00 
  5    751.00 
  6    478.00 
  7    129.00 
  8    105.00 
  9    369.00 
 10     37.00 
 11   1807.00 
 12   2435.00 
 13     38.00 
]; 

return;

